1 0.99844 0.73750 0.99219 0.75000 0.96719 0.75000 0.92656 0.72917 0.85625 0.73125 0.67188 0.75625 0.65156 0.76667 0.39844 0.77292 0.17188 0.79792 0.00000 0.83125 0.00000 0.99792 0.99844 0.99792
1 0.56406 0.21042 0.55469 0.21042 0.55312 0.20833 0.54688 0.20833 0.54531 0.21042 0.53906 0.21042 0.53750 0.21250 0.52031 0.21250 0.51875 0.21458 0.50781 0.21458 0.50625 0.21667 0.50156 0.21667 0.50000 0.21875 0.46719 0.21875 0.46563 0.22083 0.44688 0.22083 0.44531 0.22292 0.44062 0.22292 0.44062 0.23750 0.44375 0.24167 0.44375 0.24375 0.44531 0.24583 0.44688 0.24583 0.45156 0.25000 0.45937 0.25208 0.46094 0.25417 0.48125 0.25417 0.48281 0.25625 0.52500 0.25625 0.52656 0.25833 0.53281 0.25833 0.53438 0.26042 0.53750 0.26042 0.54063 0.26458 0.54063 0.26667 0.55000 0.26667 0.55781 0.25625 0.56250 0.25625 0.56250 0.25417 0.56406 0.25208
1 0.99844 0.21042 0.96719 0.21042 0.94375 0.20208 0.90469 0.19792 0.68594 0.20208 0.67500 0.20625 0.62969 0.20625 0.62969 0.24375 0.63125 0.25000 0.66563 0.25000 0.67344 0.25833 0.68281 0.25833 0.69063 0.26875 0.69688 0.26875 0.70781 0.27917 0.78125 0.28125 0.78750 0.27708 0.91875 0.27292 0.92500 0.26875 0.94219 0.26875 0.94844 0.26458 0.99844 0.26458
1 0.00000 0.30208 0.00469 0.30208 0.01094 0.29792 0.04219 0.29792 0.05000 0.28750 0.06563 0.28750 0.06719 0.28542 0.12187 0.28542 0.13437 0.27708 0.15469 0.27500 0.15937 0.27083 0.16562 0.27083 0.17031 0.26667 0.17344 0.26667 0.18281 0.25625 0.19219 0.25000 0.20000 0.24792 0.20469 0.24167 0.21250 0.23750 0.21250 0.22917 0.19844 0.22292 0.17813 0.22292 0.16875 0.21667 0.12344 0.21667 0.12187 0.21458 0.01250 0.21667 0.01094 0.21458 0.01094 0.19375 0.00000 0.19375
0 0.15156 0.01875 0.15000 0.02292 0.15000 0.03333 0.15937 0.03333 0.16719 0.04583 0.16719 0.08958 0.16875 0.09167 0.16875 0.15000 0.17188 0.15417 0.17500 0.15625 0.18438 0.15625 0.19062 0.15208 0.19687 0.15208 0.19844 0.15000 0.19844 0.12500 0.20000 0.12292 0.25938 0.12292 0.25938 0.11875 0.26094 0.11667 0.27031 0.11667 0.27187 0.11250 0.27187 0.10417 0.27344 0.10208 0.27344 0.09375 0.24844 0.09375 0.24688 0.09167 0.18125 0.09167 0.17500 0.07917 0.17500 0.05417 0.17344 0.05208 0.17344 0.02708 0.17188 0.02500 0.17188 0.01667
0 0.99844 0.03333 0.94375 0.03542 0.94219 0.03333 0.94219 0.00000 0.92188 0.00000 0.92188 0.01458 0.91406 0.03750 0.91406 0.04167 0.91094 0.04583 0.85781 0.04792 0.84688 0.05625 0.84062 0.05833 0.83594 0.06458 0.83594 0.07083 0.83437 0.07292 0.83437 0.10625 0.85000 0.10833 0.85938 0.11250 0.86562 0.11250 0.86719 0.11042 0.89531 0.11042 0.89687 0.11250 0.89687 0.15000 0.89531 0.15208 0.89531 0.16042 0.92031 0.16250 0.92500 0.15833 0.92500 0.15208 0.93125 0.14583 0.93125 0.11667 0.93281 0.11458 0.99844 0.11250
0 0.30312 0.00000 0.30312 0.06667 0.30938 0.11667 0.34219 0.12292 0.34531 0.16667 0.35469 0.17708 0.37656 0.18333 0.39375 0.17708 0.38906 0.15417 0.39062 0.12083 0.42344 0.11875 0.42500 0.07917 0.44688 0.07917 0.46406 0.08750 0.47031 0.06875 0.51250 0.07083 0.50938 0.14583 0.52656 0.15000 0.53281 0.14375 0.53281 0.06250 0.53594 0.05625 0.55781 0.05625 0.56250 0.06667 0.56563 0.25208 0.56250 0.32708 0.55469 0.37708 0.55625 0.40833 0.56875 0.42917 0.59219 0.43958 0.60313 0.43750 0.62813 0.41042 0.63125 0.38542 0.61875 0.37083 0.61562 0.29167 0.60938 0.27917 0.61562 0.21250 0.62813 0.19792 0.62969 0.16458 0.62031 0.00000 0.55937 0.00000 0.55781 0.02500 0.53594 0.02500 0.53281 0.00000
0 0.00000 0.00000 0.00000 0.10000 0.02031 0.10000 0.02187 0.10208 0.02187 0.12083 0.05937 0.12083 0.06094 0.11875 0.06719 0.11875 0.06719 0.10833 0.07031 0.10417 0.09219 0.10417 0.09531 0.11250 0.09531 0.11875 0.12344 0.11875 0.13437 0.11042 0.13437 0.10625 0.13594 0.10417 0.13594 0.03542 0.12656 0.03542 0.12344 0.03125 0.11406 0.02708 0.10469 0.01458 0.10469 0.00000
0 0.00000 0.12083 0.00000 0.21458 0.19219 0.22292 0.19219 0.25208 0.16562 0.27292 0.00000 0.30000 0.00000 0.83125 0.33750 0.77708 0.65156 0.76458 0.85625 0.72917 0.92812 0.72917 0.99844 0.75417 0.99844 0.26667 0.70781 0.28125 0.64375 0.24792 0.63125 0.40625 0.60625 0.43542 0.57500 0.43542 0.55469 0.40833 0.56250 0.26042 0.45000 0.25000 0.45156 0.21875 0.56250 0.20833 0.55937 0.12292 0.53594 0.12292 0.53125 0.14792 0.50938 0.14792 0.50625 0.12292 0.39062 0.12292 0.39062 0.17917 0.36250 0.18125 0.34844 0.16875 0.34844 0.12500 0.31250 0.12083 0.32500 0.32083 0.27500 0.32708 0.26094 0.12708 0.20312 0.12292 0.19687 0.15417 0.17031 0.15417 0.16719 0.12292
0 0.99844 0.11458 0.93125 0.11458 0.92969 0.15000 0.92344 0.16250 0.90000 0.16042 0.90000 0.11875 0.89531 0.11250 0.82344 0.11458 0.79844 0.12708 0.77656 0.12708 0.77187 0.12083 0.76406 0.11875 0.70625 0.12083 0.69219 0.12500 0.65312 0.12500 0.64687 0.11875 0.63281 0.11875 0.62969 0.19583 0.63438 0.20417 0.67500 0.20417 0.71562 0.19792 0.83281 0.20000 0.83594 0.23542 0.90312 0.23750 0.90469 0.19792 0.94375 0.20000 0.96719 0.20833 0.99844 0.20833
